238.1050621853192
236.5277813328523
1.0000000000007896
229.95872960418475
1.000000000000662
216.1569168598185
205.7257171417867
0.9999999999999719
1.0000000000001859
1.0000000000000588
1.000000000000269
0.9999999999996385
0.999999999999878
0.9999999999999931
1.0000000000000018
1.0000000000002267
0.9999999999997076
0.9999999999998396
1.0000000000000306
0.9999999999999413
226.1766591493472
0.9999999999997219
0.999999999999799
0.9999999999999583
0.9999999999998321
1.0000000000002152
167.6069870300139
198.64079071251527
0.9999999999999125
208.77437149365576
201.56708920867726
185.20127735022714
1.0000000000000664
1.0000000000001128
0.9999999999998506
1.0000000000003302
1.000000000000269
0.9999999999999634
0.9999999999996352
0.9999999999999057
209.21890629947916
0.9999999999999799
0.999999999999663
1.000000000000277
0.9999999999999235
0.9999999999997023
220.08280327131018
235.38850891049458
1.000000000000157
0.9999999999995328
243.3048807148542
0.9999999999997747
1.0000000000001712
0.9999999999998489
0.9999999999999523
1.000000000000355
1.000000000000056
1.0000000000003442
0.9999999999997455
1.0000000000000349
0.9999999999997486
1.000000000000029
0.9999999999999352
0.9999999999997168
192.29193672672844
1.0000000000000515
1.0000000000000966
0.9999999999999865
254.59694508696995
1.0000000000003566
254.66676653865628
0.9999999999998544
1.0000000000002418
223.11269600212907
140.61469385114978
1.00000000000009
1.000000000000133
1.0000000000001292
0.9999999999999823
0.9999999999999442
0.9999999999999352
0.999999999999657
0.9999999999998785
171.84118846266287
213.53271994648284
242.69146562060038
253.4653835077994
254.91167088116234
254.97178683591835
254.99456187449505
0.9999999999994147
1.0000000000002816
1.0000000000000389
247.38994920199977
217.97610401835593
146.00256389748614
0.9999999999999386
0.9999999999998722
0.999999999999928
0.9999999999998032
0.9999999999999253
1.000000000000222
0.9999999999998352
1.0000000000001268
1.0000000000002613
250.09104975511653
254.88922571639594
1.000000000000045
254.99833786831843
1.0000000000003069
254.99999531266073
254.99999531266056
254.99296104557916
254.08280660343416
240.0211345203098
177.8097398259795
0.9999999999996954
1.000000000000479
1.0000000000000522
1.0000000000000637
0.9999999999997938
0.9999999999999555
0.9999999999999964
1.0000000000000147
0.9999999999999435
251.82211187139723
254.93278555712817
0.9999999999999369
0.9999999999999952
0.9999999999999999
254.99999531266292
254.99999531266056
0.999999999999994
254.44457925652424
0.9999999999999994
1.0000000000000084
0.9999999999999996
1.0000000000000033
1.000000000000001
0.9999999999999928
1.0000000000000109
0.999999999999998
1.000000000000008
1.0000000000000016
226.09425593367902
0.9999999999999949
1.000000000000003
254.9999064518849
1.000000000000009
1.0000000000000107
1.0000000000000075
254.99819573006886
1.0000000000000009
0.9999999999999927
1.000000000000012
215.860448992132
1.0000000000000067
1.0000000000000082
0.9999999999999913
0.9999999999999982
0.9999999999999888
0.9999999999999973
0.9999999999999994
1.0000000000000075
0.9999999999999951
247.51701976762698
0.9999999999999983
0.9999999999999951
254.99999999995651
1.0000000000000053
0.9999999999999982
254.86389951366144
1.0000000000000007
1.0000000000000044
0.9999999999999915
1.0000000000000142
1.000000000000002
1.0000000000000009
0.9999999999999961
0.9999999999999976
0.9999999999999968
0.9999999999999997
0.9999999999999918
0.9999999999999994
207.88930621666012
1.0000000000000013
254.3231810252728
254.95747737142037
0.9999999999999953
254.98400742860107
1.0000000000000009
254.28764929821432
252.13339915248608
247.2877780222328
231.20731264603486
1.0000000000000062
161.34159589285517
1.0000000000000009
1.000000000000002
0.9999999999999959
0.9999999999999994
0.9999999999999999
0.9999999999999989
0.9999999999999979
188.34112472168368
1.000000000000006
253.05887403551532
254.02264190376098
0.9999999999999982
1.0000000000000004
254.6357375399892
253.67016510005774
1.0000000000000009
234.31507467353975
195.29421379893964
163.46975721714244
142.68485896263982
0.9999999999999953
0.999999999999996
1.0000000000000062
0.9999999999999998
1.0000000000000022
1.0000000000000009
1.0000000000000013
204.6508568132651
1.0
241.67520835722655
248.30488759222794
1.0
250.95291611648597
249.6298162765806
250.41380388807198
241.223128352646
1.0
1.0
103.49501385074694
1.0
1.0
1.0
1.0
1.0
1.0
1.0
156.74308286901336
1.0
1.0
240.2581439323097
1.0
233.7038852604487
238.8864112405473
1.0
1.0
231.1639411560678
138.53001146924782
1.0
1.0
61.05177288301333
1.0
1.0
1.0
1.0
1.0
1.0
1.0
203.58288004006855
238.0788122698229
1.0
1.0
1.0
1.0
231.40113122933698
232.16822965284803
1.0
1.0
50.60139965194781
1.0
60.84605252040202
1.0
1.0
1.0
1.0
1.0
1.0
139.17461591816246
1.0
228.51133751417152
1.0
1.0
222.05530889030547
1.0
222.0553079520044
1.0
139.37545500536046
1.0
1.0
1.0
1.0
1.0
1.0
1.0
1.0
1.0
1.0
1.0
1.0
203.00168190612465
1.0
1.0
229.95114888673984
1.0
222.05530718998358
161.04968696551973
87.61646141924075
64.3492951637127
1.0
61.5788161971866
1.0
1.0
1.0
1.0
1.0
1.0
1.0
1.0
1.0
167.3525470393644
1.0
206.77094286762312
210.9397490969796
1.0
1.0
1.0
1.0
1.0
1.0
1.0
1.0
1.0
1.0
1.0
1.0
1.0
1.0
1.0
1.0
1.0
1.0
173.05107263593544
1.0
1.0
131.6090106815621
106.98326238628503
1.0
61.26276690016068
1.0
1.0
1.0
1.0
1.0
1.0
1.0
1.0
1.0
1.0
1.0
1.0
1.0
1.0
1.0
1.0
1.0
1.0
1.0
1.0
1.0
1.0
1.0
1.0
1.0
1.0
1.0
1.0
1.0
1.0
1.0
1.0
1.0
1.0
1.0
1.0
1.0
1.0
1.0
1.0
1.0
1.0
1.0
1.0
1.0
1.0
