0.5310171158396657
0.5390745256800618
12.859210557161774
0.5679615962978808
10.077837687912
0.6135001884875833
0.6398798522615918
1.1729571138890522
6.204787919870715
4.661304043297255
1.3126454236204324
2.0760405029535116
0.25344148422072865
0.13144245333401527
2.0205838277978234
1.2343099027122704
1.4130012888506527
1.752442399917229
1.3527856227975712
1.2531045741147764
0.5820646059131979
1.6361546992729605
0.6491720448879736
1.5393313878049184
0.7865684827750792
0.8131095186151381
0.7047243530990549
0.6551525592024198
1.2923802908664785
0.632700232452827
0.6490683457097197
0.6796470295098637
1.0044255922442917
1.3394791125368297
1.4796486558991992
0.8738415792912018
1.3413999462240955
0.23666079381201643
0.3936690045506346
0.3928122449063747
0.6316197627720566
1.643554584021841
0.634391993097791
0.7779945519984359
0.9875243740124051
1.4871691764756259
0.6020442303985619
0.5445811829219667
1.1374411462321088
1.2819943367056799
0.32572868556770784
0.6962348630667281
0.5334879228349325
0.779618566888032
1.7257173817855684
0.7192576284797472
0.6711737080866299
1.4334435802790018
1.3364998236608205
0.0010150314909590508
0.4606151299429473
0.5780421439507533
1.4857764490289416
1.41175411048013
0.6673854086602752
0.48727328553861504
1.013244981602382
0.3197631654750426
0.16346901715531081
0.7330758375416301
0.06938916131746437
0.26704268156438893
1.1248684326788934
0.2628307240038161
0.4680250420616208
1.1057008418034853
1.3035268974360439
1.070164009349288
1.1991092653850428
0.6103944523745708
0.7767439758473765
1.0047236626745468
1.0899909104928132
0.6993200361107161
0.6206457139171564
0.5039041137235746
0.3732112312626503
0.11784058717684559
0.03775071793500854
0.006717319043345148
0.45631152124065566
0.7776673357570292
0.9715604679970986
0.047384993746618705
0.19220757412233244
0.4385375727035631
1.062143379270675
0.996140596266472
1.2776762288946386
0.7719841802487128
0.9851959153699579
1.010064088982441
0.6499282849614554
0.9513954431782657
0.8862208879472107
0.4371020030672574
0.14720592241135597
0.9581173811065681
0.001758425645388433
0.8736613342019024
0
0
0
0
0.03810626460844035
0.24500886717427564
0.9688948900327077
0.9244185205105527
0.9478703352053885
0.893774044168727
1.1194898425370352
1.188035968306283
1.003015487530486
0.6130967734087109
1.407926001018902
0.41084474447782954
0.08999559174537677
0.9011128691866832
1.0777340931171173
1.0152399959002185
0
0
1.0342925662652998
0
0.9936278022539466
1.0641286657670699
1.0364198711903627
0.978610931529656
0.9881493525823487
1.0153487966991595
0.9875435724890658
1.0369446022909317
0.9751607433659261
1.0118740421687606
0.5823557772844228
1.0139865106998698
1.0099933923447482
0.09576724708883999
0.9934270610132823
1.005410671885066
1.0152936940289725
0.002992688442281578
0.9913774728594492
0.9744995361130004
0.9712207735874303
0.051481048448656766
0.9956163966297602
1.0243050079985088
1.0111026299295993
1.0268869448030369
0.9885812308510605
1.0171587249306113
0.9984207705721588
0.9961946240783844
0.9937360700796708
34.68932280486886
0.9997549221170333
0.9986221296704741
0.6778351494084982
0.9968340005609003
1.0080681709017754
1.1314646354339475
1.0248111788005123
0.9936591331645963
0.9965637581083634
1.0030367557208837
1.0060848341659663
1.0157684446782962
1.02197634746938
1.0083680501061942
0.9968311010946944
0.9978962311298725
1.0226416934972853
0.9937906818038745
124.64948028394913
0.9965733420160311
119.42786930242714
104.04284385480854
1.0129646862226207
45.408129197212254
1.0014953916711375
32.289545444504
12.619383177529023
2.4330676223466035
0.4439982195444886
1.006029796853098
0.3472043865167129
0.9929638083870184
1.0018219959639518
1.0007806406876056
1.0055240316138792
0.9948995458796553
0.9914892222483522
1.0081582922451613
175.0489909436676
1.0005343914063827
248.4309485799191
247.39664635989567
0.9994209291684543
0.9966689791771893
243.53214983631287
233.24182629062943
0.9984518608285904
46.2711405509609
18.140905084210427
14.665808751459146
0.45689312030345675
0.9948871995535243
1.0010614387598784
1.00289348649904
1.004786160955157
1.0010575780209288
1.0055244826188323
0.9984438266964596
197.99790402282053
1.0
254.18717437711183
254.42756273041428
0.9999999999999997
254.49604101233305
253.92141021096145
253.4506035169751
248.9884791661826
1.0000000000000002
1.0000000000000007
164.62270533197992
0.9999999999999991
0.9999999999999998
0.9999999999999999
1.0000000000000004
1.0000000000000002
1.0
1.0000000000000002
132.89639987324082
1.0
0.9999999999999996
254.52895952208715
0.9999999999999998
254.99754991396082
254.98118278489434
0.9999999999999999
1.0
254.71410538323596
253.63391202907692
1.0000000000000002
0.9999999999999998
152.92618198170248
1.0
1.0
0.9999999999999999
1.0
1.0000000000000002
0.9999999999999999
1.0
196.5034626695131
249.24128480229123
1.0
1.0
1.0
1.0000000000000002
254.99913941223804
254.9987631460696
1.0
0.9999999999999999
253.68605624962842
1.0
150.1674281705188
1.0
1.0
1.0
0.9999999999999999
1.0
1.0
113.3693492067911
1.0
229.97040313457674
1.0
1.0
254.9999998699868
1.0
254.99999986998802
1.0
254.99380244263517
1.0
1.0
1.0
1.0
1.0
1.0
1.0
1.0
1.0
1.0
1.0
1.0
195.68899083918637
1.0
1.0
254.99618712131823
1.0
254.99999986998805
254.99810734065605
254.92284384634976
253.06627193117995
1.0
169.1157018616322
1.0
1.0
1.0
1.0
1.0
1.0
1.0
1.0
1.0
146.33292843274586
1.0
241.57878052641666
252.3745833822394
1.0
1.0
1.0
1.0
1.0
1.0
1.0
1.0
1.0
1.0
1.0
1.0
1.0
1.0
1.0
1.0
1.0
1.0
153.9168714323807
1.0
1.0
228.65197797058946
220.85328904457504
1.0
156.4390490556809
1.0
1.0
1.0
1.0
1.0
1.0
1.0
1.0
1.0
1.0
1.0
1.0
1.0
1.0
1.0
1.0
1.0
1.0
1.0
1.0
1.0
1.0
1.0
1.0
1.0
1.0
1.0
1.0
1.0
1.0
1.0
1.0
1.0
1.0
1.0
1.0
1.0
1.0
1.0
1.0
1.0
1.0
1.0
1.0
1.0
1.0
