220.77406594727964
217.70186143573767
0.9999999999999752
204.9506452107731
0.9999999999999851
178.48733845195946
158.96783669306797
0.9999999999999987
0.9999999999999993
0.999999999999996
1.0000000000000104
0.9999999999999957
0.9999999999999968
1.000000000000009
0.9999999999999988
1.0000000000000042
0.9999999999999989
1.0000000000000029
0.9999999999999989
0.9999999999999905
197.64714578284568
0.9999999999999992
1.0000000000000022
1.0000000000000018
0.9999999999999962
1.000000000000003
94.91477455912784
146.0621945156017
0.9999999999999986
164.61638314764699
151.3524054587022
122.65992085604867
1.0000000000000042
1.0000000000000044
0.999999999999999
0.9999999999999973
0.9999999999999963
0.9999999999999964
0.9999999999999973
1.0000000000000027
165.4439200563619
1.0000000000000013
0.9999999999999976
1.0000000000000036
1.0000000000000029
1.000000000000005
185.95608669080747
215.4851904768695
1.000000000000002
1.0000000000000044
235.46865687302625
1.000000000000002
0.9999999999999977
0.9999999999999959
1.0000000000000122
0.9999999999999948
0.9999999999999981
1.0000000000000033
1.0000000000000018
1.0000000000000022
0.9999999999999982
0.9999999999999974
1.0000000000000047
1.0
134.80917814390108
1.0000000000000033
1.0000000000000004
0.9999999999999991
254.20295190100381
1.000000000000001
254.5972232028876
1.000000000000001
0.9999999999999987
211.04422677968375
88.58931178967795
1.0000000000000093
0.9999999999999996
1.0000000000000007
0.9999999999999986
1.0000000000000009
1.0000000000000018
1.000000000000001
0.9999999999999999
101.2386483345372
173.52817806520645
229.73115591724272
251.2221501430403
254.79321207418948
254.96066580531692
254.99686593628294
1.0000000000000004
1.0
0.9999999999999997
249.31616802029305
210.68463453502505
98.0728549586575
0.9999999999999993
0.9999999999999987
0.9999999999999993
1.0000000000000007
1.0000000000000009
0.9999999999999977
0.9999999999999999
0.9999999999999993
1.000000000000001
244.32328284324893
254.71444392504216
1.0000000000000004
254.99956345663952
1.0000000000000016
254.9999999999996
254.9999999999996
254.99989395876057
254.84891325252278
244.76297336333633
160.08355854325467
1.0
1.0000000000000002
0.9999999999999997
1.000000000000001
0.9999999999999998
1.0
0.9999999999999998
0.9999999999999999
0.9999999999999999
247.81244613869478
254.8602669246011
1.0000000000000009
1.0
1.0
254.9999999999996
254.9999999999996
1.0
254.94742724180895
0.9999999999999998
1.0
0.9999999999999998
1.0
0.9999999999999998
1.0000000000000002
1.0
1.0
0.9999999999999999
1.0
197.48830177599163
1.0
0.9999999999999998
254.99768739434572
0.9999999999999999
0.9999999999999999
0.9999999999999997
254.99979162385407
1.0
1.0
1.0000000000000002
225.72403706100866
0.9999999999999999
0.9999999999999997
1.0
0.9999999999999999
0.9999999999999997
1.0
1.0
1.0
0.9999999999999998
220.24259547953355
0.9999999999999999
0.9999999999999999
254.99708614977837
0.9999999999999999
1.0
254.84681036479688
1.0000000000000002
1.0
1.0
1.0000000000000002
1.0
0.9999999999999999
1.0
1.0
0.9999999999999999
0.9999999999999999
1.0
1.0
88.77034314435896
1.0
224.93653256599447
245.754235631727
1.0000000000000002
253.18169054386
1.0
251.70315779026294
251.39576004890995
251.26149118759847
246.93637749509412
1.0
127.32063561995808
1.0
1.0
1.0
1.0
1.0
1.0
1.0
4.334890943414337
1.0
72.03329744957287
157.62699826344004
1.0
1.0
234.1702837002797
236.4991207288964
1.0
232.07814032876243
217.23008703462102
159.42764761440114
92.17078847026421
1.0
1.0
1.0
1.0
1.0
1.0
1.0
4.9454103835700725
1.0
4.305726315718411
32.10825452421723
1.0
88.91943213127217
85.53047754843021
102.17427348858136
132.53995853755382
1.0
1.0
59.23968011993702
1.0
1.0
1.0
1.0
1.0
1.0
1.0
3.098200052255821
1.0
1.0
4.08319294128703
1.0
8.305617426752086
15.597543063542481
1.0
1.0
30.782378668288555
31.870879720062327
1.0
1.0
3.391070247493459
1.0
1.0
1.0
1.0
1.0
1.0
1.0
4.908208836591799
5.257720482773205
1.0
1.0
1.0
1.0
6.338543596844852
6.934175156776838
1.0
1.0
5.384273007134171
1.0
3.3077436752308778
1.0
1.0
1.0
1.0
1.0
1.0
2.504450327682685
1.0
5.53929806469819
1.0
1.0
2.0226565175323272
1.0
2.0226533902647614
1.0
3.1602945660752173
1.0
1.0
1.0
1.0
1.0
1.0
1.0
1.0
1.0
1.0
1.0
1.0
4.887773944709423
1.0
1.0
2.7422518504776026
1.0
2.022655719114671
2.8755616448804995
4.038766246517229
5.484997541950287
1.0
3.884281777238466
1.0
1.0
1.0
1.0
1.0
1.0
1.0
1.0
1.0
3.501336733172946
1.0
5.674480677264691
5.14950834066687
1.0
1.0
1.0
1.0
1.0
1.0
1.0
1.0
1.0
1.0
1.0
1.0
1.0
1.0
1.0
1.0
1.0
1.0
3.726015463880756
1.0
1.0
5.648894789611454
5.473248319530977
1.0
3.497419925194809
1.0
1.0
1.0
1.0
1.0
1.0
1.0
1.0
1.0
1.0
1.0
1.0
1.0
1.0
1.0
1.0
1.0
1.0
1.0
1.0
1.0
1.0
1.0
1.0
1.0
1.0
1.0
1.0
1.0
1.0
1.0
1.0
1.0
1.0
1.0
1.0
1.0
1.0
1.0
1.0
1.0
1.0
1.0
1.0
1.0
1.0
